282
286.88
286.34
283.92
281
282.31
278.92
277.17
278.25
271.41
268.98
271.95
269.42
270.05
270.85
263.92
264.46
263.97
260.61
260.33
259.97
258.23
262.93
262.81
264.36
265.2
263.41
266.71
266.23
266.63
263.92
264.65
265.32
267.74
265.98
265.98
262.21
262.02
260.54
259.16
262.7
264.06
265.26
265.99
268.22
266.84
270.19
269.38
271.99
270.16
270.78
268.59
269.39
270.39
273.4
274.77
273.15
271.73
268.39
269.63
270.02
272.83
273.38
272.51
271.77
270.94
274.92
272.87
272.69
272.11
273.05
273.61
273.55
275.63
275.63
275.97
276.01
272.83
270.74
268.29
265.24
264.63
265.93
266.62
263.47
264.91
266.04
267.88
268.76
271.09
272.85
274.06
274.57
275.64
281.99
284.3
283.99
283.65
284.21
284.35
287.07
287.42
288.03
287.5
284.27
284.27
289
289.31
289.56
291.13
294.68
293.87
292.52
291.14
287.7
290.04
293.82
292.84
291.26
291.13
286.52
287.81
288.35
289.39
285.52
282.94
282.7
285.07
287.1
287.4
288.67
289.11
289.11
285.64
287.89
288.68
286.51
290.13
293.65
295.07
296.38
295.16
292.43
293.33
290.48
285.32
285.64
286.7
285.7
283.75
285.45
286.02
285.7
282.43
277.62
268.67
269.02
271.81
273.27
269.89
272.46
272.76
273.36
267.25
263.74
263.95
258.7
254.47
246.85
250.62
258.47
258.51
260.71
256.39
259.41
259.41
259.87
260.92
257.83
260.18
258.72
258.43
259.51
256.54
255.11
255.98
256.58
254.93
250.88
250.75
245.52
248.3
245.65
242.21
246.21
253.57
253.74
250.62
251.45
250.52
252.24
245.57
241.71
237.86
241.36
243.99
240.45
240.45
246.13
251.13
253.16
251.4
251.62
249.68
245.33
243
244.96
244.92
247.37
251.19
253.36
251.04
246.61
247.76
252.58
257.35
255.93
257.9
255.23
255.19
257.02
253.97
254.5
254.5
253.81
254.87
256.34
256.17
255.01
259.55
260.93
262.89
265.57
264.75
263.74
264.54
262.79
265.6
265.04
263.19
262.51
265.93
265.89
265.91
267.09
265.74
265.74
266.54
264.58
264.69
265.81
265.81
262.99
259.38
258.61
254.13
253.66
250.93
253.56
253.83
251.74
252.75
254.97
264.34
267.42
266.89
264.67
266.1
269.88
270.8
270.95
270.88
274.92
277.38
276.76
280.82
283.42
288.99
287.65
289.82
297.13
294.86
297.68
293.71
297.51
297.51
298.1
294.72
294.45
295.02
296.3
292.8
296.73
296.19
298.82
298.13
304.06
303.53
303.61
302.87
301.04
298.59
302.38
301.7
301.47
300.54
296.17
297.29
296.18
296.72
298.71
304.11
303.48
303.18
303.18
300.21
306.8
306.26
307.06
303.58
305.99
302.12
301.7
305.37
307.49
308.2
313.2
315.56
313.9
310.35
307.46
308.15
308.89
306.11
305.9
301.59
302.82
306.88
307.04
307.21
306.58
304.53
305.45
309.33
303.36
304.07
300.06
297.43
300.42
300.35
300.38
302.98
303.75
302.95
304.95
304.95
308.48
309.2
312.5
314.81
313.56
313.29
311.05
309.77
306.61
306
307.76
304.24
305.11
308.82
307.19
305.88
302.95
303.1
304.88
299.36
299.15
299.91
302.18
299.56
305.12
304.67
301.32
301.32
301.88
304.82
303.83
303.6
304.62
307.27
309.01
308.22
308.05
311.26
310.45
309.36
306.47
305.82
307.65
307.88
309.7
312.51
313.51
313.06
313.12
311.36
315.82
315.81
314.86
313.14
313.74
314.9
315.27
314.81
311.83
304.52
306.84
315.74
316.42
318.68
318.45
317.98
320.86
320.7
319.9
319.9
317.24
315.49
314.7
314.7
314.28
311.03
311.6
313.64
310.54
312.36
312.22
313.32
313.91
314.2
312.64
314.22
313.53
313.31
312.81
314.53
315.55
314.69
311.68
309.21
307.89
308.78
305.83
308.74
309.47
313.6
317.28
318.86
318.06
318.6
316.7
315.12
315.14
312.75
311.99
316.12
317.77
319.11
318.78
317.81
316.86
315.8
316.76
319.73
319.26
319.54
322.54
323.04
322.77
311.02
313.27
308.69
307.83
309.23
306.06
305.32
307.42
306.28
306.28
305.39
310.35
310.07
309.46
307.54
308.93
308.23
308.04
307.71
310.81
313.14
313.28
311.82
312.49
311.54
315.28
323.24
325.3
325.3
329.77
331.16
338.14
340
340
340.12
341.62
340.71
340.29
340.92
340.8
338.52
338.12
342.94
343.48
341.11
341.63
339.59
336.43
341.07
338.64
339.15
338.58
338.6
334.77
336.06
333.73
334.55
337.86
338.03
337.96
335.79
337.91
337.91
340.75
337.77
336.76
336.76
332.4
333.08
337.56
335.59
336.12
334.74
338.75
337.76
336.72
336.56
336.78
333.97
331.53
329.81
330.54
332.05
329.63
329.59
331.19
331.65
334.29
333.92
334.49
335.45
334.48
333.72
332.86
332.79
329.34
328.79
329.24
329.88
326.72
327.65
331.04
324.82
322.06
327.09
329.77
331.3
336.37
339.68
339.38
339.38
334.65
334.55
334.3
335.61
333.6
333.24
333.64
335.93
338.41
336.68
340.19
340.42
340.31
339.52
339.7
341.61
339.91
340.01
337.44
335.03
337.14
340.04
339.58
337.25
338.37
338.37
336.3
336.94
340.69
339.77
341.41
338.51
339.28
338.14
338.25
337.99
335.29
332.9
334.39
335.08
335.48
333.81
328.73
327.71
329.9
329.69
330.39
329.96
329.44
329.67
334.24
333.83
337.44
336.55
336.55
338.16
334.38
335.33
338.44
338.83
339.21
341.47
340.99
341.38
339.71
338.16
338.43
335.93
336.86
336.59
336.68
341.53
345.35
346.68
347.02
347.72
347.17
345.38
344.06
342.75
343.15
342.7
341.45
341.8
343.53
344.2
344.66
342.31
342.33
339.61
336.05
336.88
338.45
338.64
339.72
339.18
340.75
342.43
342.48
341.7
341.7
339.61
341.07
344.12
343.76
348.52
344.21
344.22
344.42
346.64
346.06
342
342.13
343.09
339.51
341.16
341.47
342.43
341.09
336.47
334.19
334.07
331.58
334.47
330.42
334.22
335.8
335.88
336.13
337.77
340.62
340.86
341.26
340.85
340.08
343.34
343.5
345.05
345.65
343.91
347.02
344.79
342.54
343.65
342.99
343.84
343.99
346.83
347.34
347.03
345.61
344.39
347.37
348.12
350.6
349.3
351.18
352.61
352.61
353.41
354.45
353.97
353.02
353.1
354.96
357.44
358.73
357.76
356.78
356.02
355.42
355.12
354.15
357.49
362.09
361.73
361.33
360.41
360.92
360.92
360.48
359.69
360.19
358.05
358.05
357.37
356.69
356.9
353.74
352.41
353.86
354.1
355.84
358.21
359.11
358.95
357.61
356.25
357.93
358.72
361.54
361.68
360.15
360.5
360.59
363.78
363.97
367.59
369.34
368.87
368.08
365.84
366.75
367.88
365.31
365.31
356.34
355.81
354.93
356.75
357.37
357.08
362.23
363.3
364.08
363.05
367.97
369.24
367.57
366.6
373.37
373.16
374.88
372.82
369.87
371.03
370.99
368.3
371.29
369.64
368.6
368.44
368.05
370.46
368.22
370.4
371.72
371.52
370.18
362.83
363.76
362.82
364.11
363.32
363.32
368.68
369.42
369.03
368.68
368.98
367.68
365.82
364.63
361.33
359.24
356.26
359.97
360.29
361.05
362.07
363.94
365.51
366.09
364.74
363.94
364.43
365.73
365.91
361.51
361.54
362.29
362.47
368.47
370.96
367.24
368.77
369.61
373.52
372.59
370.7
370.7
373.79
373.69
372.55
370.47
368.37
365.95
366.81
366.57
367.87
368.44
367.37
368.09
369.15
365.18
367.14
366.92
364.86
367.51
368.42
372.05
371
371.05
369.72
367.25
367.25
363.61
364.6
369.18
368.97
369.57
368.97
370.47
369.65
366.69
366.78
367.94
367.76
365.51
367.63
369.51
368.68
368.1
370.51
368.49
370.05
369.44
368.89
368.51
368.97
370.68
369.74
370.45
369.35
370.12
372.04
372.81
375.1
375.29
375.07
374.3
378.08
378.21
378.64
378.19
379.22
380.75
380.37
378.91
378.95
378.95
376.43
374.88
375.81
379.06
379.01
377.25
378.77
377.06
376.39
373.54
371.64
374.38
375.83
375.94
379.27
379.26
378.17
377.31
378.95
378.91
378.83
378.42
377.16
378.09
378.47
378.91
379.12
383.15
385.23
384.5
382.39
382.38
381.84
380.32
381.06
381.03
381.51
383.77
384.03
385.12
384.58
380.17
375.67
377.35
377.83
378.05
380.91
380.24
382.32
380.93
383.43
381.86
380.79
379.98
376.83
378.55
379.79
379.77
380.36
379.44
379.37
379.6
380.56
382.19
383.45
383.7
383.4
381.45
381.31
382.69
380.5
379.63
380.85
383.34
382.96
382.55
384.21
384.3
384.3
386.74
387.26
386.93
385.53
383.79
382.75
383.79
384.58
384.28
386.53
390.86
390.08
389.97
388.67
390.73
389.63
390.33
390.24
390.96
390.52
388.55
387.67
389.34
392.55
393.95
396.38
394.89
396.7
395.59
386.35
388.17
387.62
388.99
385.84
386.79
386.87
388.9
389.05
387.06
385.03
385.03
387.98
387.31
382.19
383.75
384.59
382.38
382.67
381.23
382.64
384.46
383.5
384.52
382
384
385.04
384.82
386.82
387.86
387.73
385.91
386.26
386.12
382.62
379.45
379.01
372.48
366.91
367.2
367.2
361.64
369.59
369.51
371.89
368.82
370.65
369.06
367.83
367.95
367.8
364.62
364.8
364.33
369.91
369.25
373.25
372.8
372.8
370.34
371.81
373.39
373.32
372.39
372.02
368.98
364.47
367.55
363.78
365.62
366.09
366.19
370.22
373.88
376.19
374.85
373.51
374.92
376.17
376.69
376.82
376.82
376.19
377.08
376.97
378.98
378.2
377.61
376.54
377.12
377.83
378.19
380.87
379.49
380.41
377.67
374.97
371.9
373.24
370.24
364.8
368.52
367.43
368.74
365.86
367.49
367.49
367.7
367.58
369.5
370.28
368.85
369
369.8
373.46
373.91
374.86
373.86
371.96
372.74
373.03
374
373.44
372.63
373.96
377.5
379.64
379.47
379.76
377.24
376.13
376.83
376.89
378.86
377.65
380.27
379.81
382.8
382.86
381.19
381.62
380.54
382.59
386.03
385.31
390.14
390.76
391.98
391.32
389.45
387.78
387.78
388.3
387.68
389.48
385.31
383.68
384.79
385.85
390.66
388.02
387.6
381.48
379.9
379.64
378.5
379.38
380.45
382.65
380.69
380.98
380.11
374.22
373.43
372.49
374.73
377.87
383.39
383.1
384.98
386.06
385.91
384.95
387.03
384.31
382.7
379.44
379.92
380.88
383.5
390.04
389.04
385.61
384.06
385.22
380.6
381.19
383.4
383.06
382.27
380.74
383.64
382.86
383.23
381.61
379.82
377.2
370.39
370.46
370.46
372.35
373.96
374.71
373.57
369.64
373.04
373.09
373.03
371.41
366.68
367.95
369.99
370.7
374.62
375.01
377.7
376.95
376.38
378.59
378.38
378.74
378.74
380.71
379.32
379.79
378.12
378.12
377.93
379.17
378.84
379.25
379.36
380.12
380.09
380.08
383.6
386.47
386.96
386.64
384.56
382.73
383.57
383.73
384.98
385.56
387.37
385.85
387.36
387.46
389.31
394.23
396.3
395.89
396.29
395.52
396.36
396.72
397.42
398.98
399.5
397.09
397.09
397.5
399.45
401.04
401.93
398.44
401.33
399.94
399.52
399.78
399.84
397.04
397.92
397.95
403.25
403.43
405.91
405.16
407.96
408.01
408.61
407.47
408.09
408.28
412.36
414.26
414.94
414.45
413.66
412.34
413.3
416.03
416.34
416.85
416.9
417.44
416.23
417.67
419.3
419.3
416.97
416.18
415.82
416.38
418.79
422.4
421.76
422.28
423
423.8
423.5
423.97
428.63
428.71
428.34
431.43
431.08
431.6
431.92
432.7
434.54
434.87
433.89
427.7
427.48
431.17
435.27
435.27
435.24
431.18
431.18
430.88
438.81
438.95
438.23
440.85
440.69
438.78
438.13
434.59
437.03
441.14
441.51
442.15
444.22
448.68
448.48
447.88
453.4
452.31
447.9
446.49
448.33
447.7
448.26
450.07
450.07
450.33
455.85
457.76
458.23
456.51
461.38
460.26
459.32
461.74
458.05
452.05
454.34
454.2
457
460.46
461.05
463.82
462.01
461.25
459.27
458.6
458.44
458.78
459.58
459.77
459.34
457.69
455.24
459.01
458.09
459.18
458.43
458.53
457.65
458.81
456.85
457.13
459.27
458.19
459.11
459.77
460.71
462.24
462.24
466.62
467.48
467.55
469.5
470.7
472.54
474.55
478.27
478.26
477.71
478.85
480.96
477.86
476.82
476.86
476.66
476.26
480.19
479.09
476.77
477.35
476.86
477.79
477.53
474.16
473.59
475.03
478.15
479.28
478.19
481.09
481.71
484.25
481.55
479.74
480.88
477.43
473.03
475.41
478.23
476.75
478.03
482.49
483.37
481.68
479.98
484.32
485.8
485.16
484.76
482.19
486.04
488.71
490.79
488.41
491.17
489.78
489.78
491.08
492.06
496.14
497.19
495.54
496.79
502.26
505.27
507.43
504.23
505.24
507
506.42
508.71
504.97
504.23
496.58
500.86
496.08
499.56
501.05
501.05
502.77
502.93
502.62
503.8
503.8
508.05
508.29
505.15
504.32
505.61
497.58
489.24
492.86
492.05
490.02
496.9
495.39
497.36
500.24
501.72
501.31
507.06
504.76
508.5
510.56
515.44
520.06
522.34
520.06
524.71
528.62
531.5
536.49
536.75
540.99
540.43
536.44
533.14
530.55
530.54
524.62
530.59
539.25
539.41
532.53
529.94
527.87
524.51
527.19
532.55
536.74
533.69
535.11
518.99
524.22
521.65
523.15
525.23
525.85
534.87
534.18
532.59
531.81
533.06
532.51
534.93
531.54
531.65
528.87
535.35
536.42
537.03
537.04
537.04
527.62
525.99
518.84
516.83
521.46
526.06
528.29
525.38
527.12
528.12
530.71
533.67
532.84
535.16
535.63
536.25
536.32
536.7
527.48
526.19
525.28
523.3
528.44
529.08
534.66
542.12
545.71
545.55
545.33
548.44
552.11
551.82
556.24
554.56
556.51
556.51
551.65
547.92
550.96
548.9
547.73
551.66
556.54
552.26
552.17
551.16
550.45
549.19
548.27
546.28
545.64
542.69
542.92
542.84
546.64
548.52
548.02
544.53
548.14
550.26
554.45
552.52
551.5
551.5
539.33
535.12
537.1
538.1
529.55
529.58
516.57
515.55
520.02
527.96
523.86
519.75
513.21
513.75
517.69
521.51
517.5
520.86
524.8
533.08
543.04
541.31
543.05
544.67
543.68
542.05
546.12
541.62
543.17
543.03
545.89
546.96
546.23
545.76
550.25
547.41
544.82
546.84
545.74
539.5
534.94
534.94
537.25
537.82
532.61
538.2
544.69
544.86
547.44
550.57
558.31
561.28
560.24
559.24
560.5
563.53
563.06
562.48
562.8
563.13
563.25
564.4
565.69
569.72
568.58
575.79
577.46
575.18
571.98
570.25
575.13
577.92
576.83
577.99
580.24
583.13
582.45
579.66
580.09
576.17
574.96
572.33
575.55
575.11
578.54
577.32
579.79
585.8
594.62
597.01
599.77
600.71
598.8
599.99
603.99
605.19
604.65
609.06
610.34
609.36
614.16
621.01
619.95
619.27
619.27
621.04
620.67
613.67
611.36
610.77
606.74
615.24
613.17
607.78
598.38
597.71
591.28
595.28
600.18
611.58
614.31
612.64
615.95
615.95
619.95
620.63
618.21
608.04
608.04
604.83
613.83
613.37
618.13
614.38
619.72
623.39
623.4
631.15
629.99
631.8
636.7
637.54
642.1
645.43
638.05
632.2
628
627.77
633.88
643.27
645.28
645.51
647.71
638.51
640.08
647.69
643.99
647.83
658.55
665.74
663.43
663.43
669.79
666.41
658.28
657.39
664.52
666.09
660.65
651.78
648.57
651.88
648.19
657.26
654.41
659.66
666.81
664.95
659.29
647.4
650.27
652.14
647.07
643.91
641.32
642.67
648.11
646.85
648.02
634.19
634.19
620.31
622.46
614.62
614.82
621.31
624.97
628.07
623.4
621.45
604.55
609.47
618.55
625.7
624.34
627.95
623.16
634.93
634.16
632.19
627.31
633.66
650.73
656.79
654.45
666.23
680.38
678.48
668.83
672.46
676.43
686.82
683.17
685.59
690.02
680.61
683.17
690.23
688.02
685.47
694.53
694.53
696.4
694.81
692.29
695.85
694.1
693.3
689.07
691.76
703.7
707.59
709.44
712.96
724.07
732.1
732.95
733.31
729.18
736.41
737
720.62
735.14
729.16
724.98
727.77
725.89
730.85
741.29
752.16
752.16
748.32
753.59
744.53
749.69
752.08
753.42
759.57
768.47
764.22
751.44
748.98
766.66
768.56
771.6
770.03
768.06
772.79
781.07
782.5
776.76
779.45
781.13
787.47
780.23
765.58
768.49
759.51
756.07
758.43
739.03
748.36
759.39
770.18
758.84
757.34
754.56
748.37
749.43
741.19
737.88
737.88
760.7
760.75
763.05
761.58
763.42
765.44
753.43
747.65
757.38
754.05
775.13
773.24
776.73
779.33
783.39
780.66
774.6
769.13
775.06
781.59
776.76
783.07
787.14
790.89
797.02
805.01
797.91
795.03
792.08
793.05
794.41
790.93
782.31
773.46
782.68
796.51
793.15
778.65
771.24
719.44
754.45
753.02
740.54
749.71
769.28
770.63
772.41
768.38
759.62
754.51
756.65
741.87
750.88
760.31
774.89
768.4
773.8
785.45
789.04
775.3
778.76
779.47
779.47
782.71
798.35
795.84
800.2
797.22
805.79
804.68
799.38
794.19
782.16
781.03
789.13
792.86
790.37
782.16
775
780.68
768.91
763.74
763.74
766.64
780.47
794.34
794.35
794.35
797.96
799.51
799.51
797.83
791.09
767.32
777.3
777.3
781.73
775.62
784.69
784.69
798.38
792.14
785.7
781.04
781.02
790.73
797.53
804.17
800.08
816.88
820.72
821.51
818.95
826.31
824.92
831.5
832.36
835.66
832.39
832.38
834.67
842.19
839.27
843.9
847.27
841.03
851.1
855.8
856.3
854.73
858.4
853.45
844.61
861.03
858.75
868.27
871.95
873.04
872.04
880.57
881.61
885.92
889.28
896.86
893.86
902.24
899.23
898.42
894.15
892.43
899.27
904.26
913.62
915.76
914.82
905.14
896.13
903.47
903.47
902.78
907.92
910.51
901.56
913.34
914.34
916.8
920.4
910.95
901.69
884.3
883.02
890.65
904.81
911.82
912.99
907.62
899.1
891.16
901.81
900.5
907.83
910.42
908.92
901.71
899.33
902.75
910.18
906.73
903.18
903.18
889.67
888.74
892.71
887.34
887.32
889.27
880.41
890.38
905.85
907.33
909.66
904.88
890.58
893.57
870.97
879.74
895.43
895.04
890.38
892.65
905.48
916.44
913.64
917.04
920.94
917.25
927.17
925.56
925.56
934.13
932.3
941.49
935.31
940.04
940.64
950.67
948.39
955.61
957.79
955.85
939.81
939.77
920.1
920.86
925.94
912.28
908.05
922.26
904.62
897.86
865.39
873.02
879.73
879.26
874.52
862.78
875.09
867.67
858.05
875.07
889.16
886.58
881.52
873.2
878.58
882.29
875.67
842.08
829.47
773.17
803.37
799.88
793.2
786.71
786.71
826.4
812.21
791.7
814.21
831.34
838.18
844.37
822.79
823.59
826.78
831.7
860.8
842.08
843.69
846.93
847.23
821.96
796.63
809.52
797.62
794.53
782.86
774.43
794.42
805.2
802.15
811.42
845.53
852.86
857.38
858.56
863.59
870.41
864.1
865.74
859.99
862.22
876.84
887.22
897.82
897.48
903.77
916.19
921.95
912.89
911.68
905.7
902.95
909.71
917.8
920.78
924.91
931.47
940.31
960.4
956.05
959.27
959.27
963.82
940.63
949.75
947
929.69
951.29
960.2
955.16
956.74
942.05
942.91
922.59
939.91
938.88
954.09
960.54
972.9
973.22
993.47
991.52
991.52
990.76
1004.13
996.17
994.46
994.46
993.17
1006.34
1028.41
1026.85
1031.18
1022.25
1002.39
998.24
980.64
1005.23
1005.23
1012.44
1016.36
998.55
990.36
998.12
1013.27
1005.53
1023.03
1034.7
1029.42
1020.43
1028.86
1009.78
1002.24
1005.68
983.33
989.45
1013.78
994.81
994.81
1003.65
989.99
1000.17
1001.92
1028.31
1028.02
1013.39
1006.53
1001.11
999.5
991.44
992.73
1007.92
1031.07
1037.11
1034.93
1040.47
1049.43
1046.54
1057.18
1056.41
1049.45
1064.7
1050.81
1048.72
1020.81
1025.73
1043.19
1037.55
1058.89
1052.08
1040.39
1046.17
1046.17
1068.04
1065.53
1073.1
1087.13
1090.32
1098.67
1091.34
1074.43
1070.06
1065.76
1042.56
1056.33
1081.77
1097.66
1096.88
1099.6
1101.79
1092.23
1085.99
1078.91
1095
1077.02
1089.25
1076.87
1087.01
1083.76
1096.14
1102.21
1105.65
1081.5
1083.42
1078.09
1086.76
1082.59
1075.41
1056.17
1038.54
1054.85
1036.26
1051.53
1051.53
1044.56
1046.04
1049.51
1072.47
1078
1064.25
1065.2
1052.38
1044.98
1045.13
1050.74
1074.17
1082.16
1084.75
1089.32
1079.25
1076.78
1062.7
1062.64
1075.25
1091.76
1108.13
1116
1124.25
1124.25
1121.96
1127.56
1127.04
1133.81
1130.99
1126.2
1129.94
1139.18
1146.46
1137.92
1112.74
1114.63
1099.86
1096.56
1088.85
1101.41
1103.39
1083.79
1073.94
1073.27
1068.45
1054.74
1061.64
1050.57
1048.46
1035.61
1051.85
1048.8
1072.49
1075.34
1086.29
1077.04
1069.59
1079.69
1099.4
1101.87
1116.83
1100.81
1090.06
1070.03
1067.32
1075.62
1066.04
1096.95
1096.95
1091.66
1084.73
1087.32
1090.94
1084.51
1078.26
1063.87
1064.07
1077.23
1077.57
1055.71
1057.62
1033.36
1031.24
1031.78
1030.79
1019.77
1030.89
1030.82
1048.74
1046.18
1065.28
1059.17
1073.85
1073.33
1055.23
1033.4
1031.79
1003.03
1008.35
1014.93
1035.01
1032.44
1039.44
1032.99
1022.96
1034.06
1070.95
1087.27
1080.18
1075.12
1080.8
1086.95
1093.75
1098.62
1089.52
1095.81
1102.55
1113.59
1112.63
1133.19
1125.58
1136.9
1135.51
1129.68
1116.7
1126.59
1126.59
1126.49
1119.2
1104.06
1110.76
1120.07
1138.62
1131.31
1121.84
1117.93
1121.2
1127.5
1127.27
1117.29
1126.51
1130.45
1132.47
1129.11
1139.96
1142.24
1160.22
1160.22
1159.02
1159.44
1163.86
1164.99
1138.73
